10 20 3.2e-06
11 19 1.9e-06
16 37 3.3e-06
17 59 4.6e-06
19 103 6.8e-06
21 115 6.9e-06
23 76 7.1e-06
24 100 7.8e-06
25 138 8.8e-06
26 140 1.01e-05
27 171 1.14e-05
53 653 3.45e-05
98 2307 0.0001266

2 2 1.4e-06
10 19 2.2e-06
18 64 5.6e-06
26 141 1.02e-05
42 390 2.22e-05
74 1479 7.58e-05
98 2302 0.000127
154 5274 0.0003019
234 12870 0.001176
258 16731 0.0010447
354 30295 0.0016152
426 46919 0.0037775
482 53762 0.0031516

2 2 1.3e-06
11 35 3.2e-06
20 1 3e-07
29 182 1.12e-05
47 468 3.22e-05
74 1449 7.9e-05
83 1554 9.99e-05
101 2291 0.0001336
119 3489 0.0001898
137 4326 0.0002334
155 5328 0.0003243
173 6762 0.0003871
191 9171 0.0009626
209 10231 0.0007262
411 42544 0.0026041

2 2 1.5e-06
11 35 3e-06
20 1 3e-07
29 182 0.0001397
47 468 3.29e-05
74 1449 7.99e-05
83 1554 9.97e-05
101 2291 0.0003691
119 3489 0.0001892
137 4326 0.000249
155 5328 0.0004202
173 6762 0.0005006
191 9171 0.0007463
209 10231 0.0013757
411 42544 0.0043965

3 4 9e-07
12 27 1.4e-06
21 122 4.7e-06
30 203 9e-06
39 307 1.54e-05
84 1583 6.08e-05
93 1778 7.29e-05
111 2575 0.0001128
156 5872 0.0002196
165 6071 0.0002451
183 7919 0.0003067
201 9566 0.0003454
219 11842 0.0004469
237 13587 0.0004867
246 14604 0.0005566
255 16181 0.0007019
273 19240 0.0006634
291 20585 0.0007769
309 24265 0.0008817
327 25681 0.0009792
345 28959 0.0010725

2 2 1.4e-06
11 35 2.7e-06
20 1 4e-07
29 182 1.07e-05
47 468 3.01e-05
74 1449 7.41e-05
83 1554 9.38e-05
101 2291 0.0001251
119 3489 0.000179
137 4326 0.0002724
155 5328 0.0003562
173 6762 0.0004649
191 9171 0.0004898
209 10231 0.0005972
411 42544 0.0025582

3 4 1.5e-06
12 27 2e-06
21 122 6.1e-06
30 203 1.16e-05
39 307 1.93e-05
84 1583 7.82e-05
93 1778 9.31e-05
111 2575 0.0001441
156 5872 0.0002798
165 6071 0.0003116
183 7919 0.0003924
201 9566 0.0004402
219 11842 0.0005686
237 13587 0.0006197
246 14604 0.0007083
255 16181 0.0007694
273 19240 0.0008458
291 20585 0.0009909
309 24265 0.0012107
327 25681 0.0012467
345 28959 0.0013652

3 4 1e-06
12 27 1.3e-06
21 122 4.2e-06
30 203 8e-06
39 307 1.33e-05
84 1583 5.39e-05
93 1778 6.45e-05
111 2575 9.95e-05
156 5894 0.000194
165 6071 0.0002159
183 7919 0.0002714
201 9566 0.0003051
219 11842 0.0003927
237 13587 0.0004296
246 14604 0.0005948
255 16181 0.0005571
273 19240 0.0005845
291 20585 0.0006838
309 24265 0.0007749
327 25681 0.0008656
345 28959 0.001241

3 4 7e-07
12 27 1.4e-06
21 122 4.3e-06
30 203 8.1e-06
39 307 1.32e-05
84 1583 5.35e-05
93 1778 6.44e-05
111 2575 9.99e-05
156 5894 0.000194
165 6071 0.0002163
183 7919 0.0002712
201 9566 0.0003051
219 11842 0.0003931
237 13587 0.0004288
246 14604 0.0005356
255 16181 0.0005315
273 19240 0.0005857
291 20585 0.0006846
309 24265 0.0007763
327 25681 0.0008623
345 28959 0.0011388

3 4 1.1e-06
12 27 1.4e-06
21 122 4.3e-06
30 203 8e-06
39 307 1.33e-05
84 1583 7.28e-05
93 1778 6.46e-05
111 2575 9.95e-05
156 5894 0.0001935
165 6071 0.0002162
183 7919 0.0002712
201 9566 0.0003053
219 11842 0.0004274
237 13587 0.0005473
246 14604 0.0004909
255 16181 0.0005333
273 19240 0.0006132
291 20585 0.0006851
309 24265 0.0007768
327 25681 0.002125
345 28959 0.0009444

4 5 1.7e-06
12 29 2.2e-06
20 1 4e-07
36 250 1.32e-05
44 427 2.32e-05
84 1581 7.82e-05
108 2460 0.0001281
156 5898 0.0002808
180 6932 0.0003635
284 18859 0.0008829
356 32342 0.0015551
396 37766 0.0021487
516 64844 0.0035433

4 5 1.1e-06
12 29 1.6e-06
20 1 2e-07
36 250 9.1e-06
44 427 1.59e-05
84 1581 5.4e-05
108 2460 8.83e-05
156 5898 0.0001943
180 6932 0.0002505
284 18859 0.0006089
356 32342 0.0010243
396 37766 0.0022476
516 64844 0.0022994

4 5 1.4e-06
12 29 2.4e-06
20 1 4e-07
36 250 1.39e-05
44 427 2.45e-05
84 1581 8.24e-05
108 2460 0.000149
156 5898 0.0002969
180 6932 0.0003834
284 18859 0.0009333
356 32342 0.0015673
396 37766 0.0019119
516 64844 0.0031265

4 5 1e-06
12 29 1.9e-06
20 1 3e-07
36 250 9e-06
44 427 1.6e-05
84 1581 0.0001304
108 2460 8.84e-05
156 5898 0.0010311
180 6932 0.0003457
284 18859 0.0006093
356 32342 0.0016829
396 37766 0.0014019
516 64844 0.0026207

4 5 1.9e-06
12 29 2.6e-06
20 1 4e-07
36 250 1.53e-05
44 427 2.74e-05
84 1581 9.25e-05
108 2460 0.0001729
156 5875 0.0003705
180 6932 0.0004327
284 18859 0.0010785
356 32342 0.0031877
396 37766 0.0031473
516 64844 0.007459

5 11 2e-06
21 126 6.9e-06
29 166 1.04e-05
37 312 1.94e-05
45 464 2.58e-05
53 647 3.49e-05
98 2307 0.0001695
143 4552 0.0002981
233 12356 0.0008491
323 24582 0.0013466
413 41098 0.0022685

5 11 1.2e-06
21 126 4.4e-06
29 166 6.3e-06
37 312 1.17e-05
45 464 1.58e-05
53 647 0.0001598
98 2307 0.0002638
143 4552 0.0001724
233 12356 0.00043
323 24751 0.0008337
413 41376 0.0013678

5 11 1.6e-06
21 126 6.9e-06
29 166 9.4e-06
37 312 1.78e-05
45 464 2.44e-05
53 647 3.32e-05
98 2307 0.0001989
143 4552 0.0002325
233 12356 0.0006559
323 24582 0.0012684
413 41174 0.0021442

5 11 1.2e-06
21 126 4.3e-06
29 166 6.2e-06
37 312 1.14e-05
45 464 1.6e-05
53 647 2.13e-05
98 2307 7.76e-05
143 4552 0.0001526
233 12356 0.0004292
323 24660 0.0008328
413 41269 0.0013633

5 11 2e-06
21 126 5.9e-06
29 166 8.3e-06
37 312 1.57e-05
45 464 2.16e-05
53 647 2.92e-05
98 2307 0.0001059
143 4552 0.0002114
233 12348 0.0005747
323 24582 0.0011339
413 41269 0.0025069

6 9 1.8e-06
14 46 3.4e-06
30 201 1.38e-05
46 395 2.46e-05
70 1094 6.86e-05
102 2261 0.000123
158 5694 0.0003429
230 12720 0.0006832
254 15275 0.0009707
342 28925 0.0016042
358 1 4e-07
366 33747 0.0017706
414 44397 0.00296

6 9 2.8e-06
14 46 5.3e-06
30 201 2.13e-05
46 395 3.7e-05
70 1094 0.000103
102 2261 0.0002257
158 5694 0.0005119
230 12720 0.0010258
254 15275 0.0013088
342 28925 0.0024759
358 1 8e-07
366 33747 0.002832
414 44296 0.003656

6 9 1e-06
14 46 2e-06
30 201 8e-06
46 395 1.43e-05
70 1094 3.97e-05
102 2261 0.0001321
158 5694 0.0004247
230 12720 0.0004577
254 15496 0.0005037
342 28925 0.0009914
358 1 2e-07
366 33747 0.0012174
414 44397 0.001955

6 9 2e-06
14 46 1.9e-06
30 201 8e-06
46 395 1.42e-05
70 1094 3.95e-05
102 2261 7.12e-05
158 5694 0.0002324
230 12720 0.0004422
254 15275 0.0005039
342 28925 0.0009409
358 1 4e-07
366 33747 0.0010915
414 44594 0.0014059

6 9 1.4e-06
14 46 2e-06
30 201 8.2e-06
46 395 1.42e-05
70 1094 3.98e-05
102 2261 7.13e-05
158 5694 0.0001984
230 12720 0.0003954
254 15275 0.0005044
342 28925 0.0023181
358 1 3e-07
366 33747 0.0012533
414 44499 0.0015515