3 1
13 6
23 15
33 20
43 30
53 34
63 37
73 48
83 47
93 65
103 68
113 72
123 71
133 88
143 86
154 92
164 99
174 118
184 110
194 121
204 126
214 127
224 143
234 146
244 155
254 160
264 174
274 164
284 176
295 170
305 196
315 188
325 197
335 219
345 219
355 226
365 230
375 251
385 236
395 251
405 251
415 257
425 264
436 278
446 271
456 287
466 290
476 305
486 318
496 307
506 309
516 321
526 329
536 336
546 336
556 338
566 355
577 345
587 371
597 376
607 385
617 369
627 391
637 388
647 408
657 414
667 429
677 412
687 427
697 432
707 454
718 453
728 478
738 452
748 460
758 501
768 462
778 478
788 480
798 487
808 507
818 526
828 479
838 539
848 526
859 535
869 534
879 536
889 533
899 553
909 569
919 569
929 599
939 583
949 576
959 586
969 604
979 611
989 591
1000 611

