400
200
11600
11400
1800
4200
4600
6800
17300
36700
20500
9000
41700
27700
41400
49200
108400
36800
40700
107700
65500
74800
12600
35000
124900
62400
35200
74400
6500
165900
343500
167700
58600
175500
101700
24900
113800
15600
141400
178700
53600
111600
87300
136400
227100
247200
27500
241900
194400
105300
198500
258500
52300
4800
388100
252100
133600
41800
359400
394900
26400
18500
34800
22200
237900
368700
516500
127800
309200
31600
435700
163100
190700
376100
455500
126100
222700
15500
37500
170400
175000
49300
264100
142800
274600
181800
165800
116200
171700
18700
359600
431400
42400
219300
34700
202900
94800
181500
514600
614400

