search: linear, case: worst, test: 1;
6e-07
2.4e-06
3.5e-06
6.8e-06
9.9e-06
1.19e-05
1.45e-05
1.64e-05
2.11e-05
2.35e-05
2.52e-05
2.75e-05
2.89e-05
3.43e-05
1.14e-05
3.57e-05
3.82e-05
4.13e-05
2.2e-05
5.08e-05
5.24e-05
6.21e-05
5.72e-05
6.01e-05
1.75e-05
6.65e-05
8.52e-05
7.54e-05
7.83e-05
8.13e-05
9.08e-05
7.84e-05
8.45e-05
9.51e-05
9.5e-05
9.61e-05
9.75e-05
0.0001087
1.73e-05
8.18e-05
0.0005994
0.0001159
0.0001133
9.9e-05
0.0001056
7.08e-05
0.0001484
0.0001045
0.0001263
0.0001287
0.0001496
3.79e-05
6.56e-05
0.0001713
0.0001515
0.000157
0.0001618
0.0001924
0.0001176
0.0001945
0.0003554
6.44e-05
0.0002758
0.0003861
0.0003058
0.0003197
0.0002285
0.0002519
0.0001524
0.0001498
0.0002408
0.0002542
0.000298
0.0002725
6.11e-05
0.0002317
0.000282
0.0002853
0.0003103
0.0002739
0.0005172
0.000309
0.0003149
0.0003003
0.0003221
0.0003177
0.0001343
0.0016063
0.0003496
0.000332
0.0003362
0.0003393
0.0002339
0.0003662
0.0002288
0.0003599
0.0004395
0.0004065
0.0003743
0.0003595

