2.4e-06
0.0019099
0.0035297
0.0031916
0.0063324
0.0235716
0.0154779
0.0134109
0.0108292
0.0117021
0.0147552
0.0179265
0.016582
0.0232058
0.0207569
0.0246825
0.0234078
0.0233966
0.0241707
0.0304868
0.0275789
0.0269879
0.0272751
0.0278783
0.0312532
0.0311385
0.0303107
0.0306036
0.0313089
0.0328993
0.0344158
0.0370586
0.0411718
0.0719057
0.0407414
0.0412683
0.0505929
0.0520753
0.0498974
0.0510657
0.0503831
0.0517112
0.0517959
0.0501854
0.050276
0.0471365
0.0503055
0.046159
0.0447169
0.0471184
0.0500175
0.0673008
0.0772789
0.0793912
0.0851782
0.089395
0.0839458
0.124176
0.0853653
0.0952318
0.0861132
0.0886939
0.097276
0.0925568
0.0962517
0.0992986
0.193558
0.108373
0.0993238
0.0991892
0.107334
0.156082
0.120965
0.111039
0.123026
0.113495
0.106285
0.110585
0.10772
0.117741
0.123226
0.115705
0.120569
0.123181
0.124619
0.129622
0.134243
0.13314
0.124212
0.153981
0.160949
0.154515
0.147995
0.140789
0.124039
0.115781
0.11331
0.108558
0.115199
0.116765
0.152405

d: 3, test: 1;
1.8e-06
0.0005781
0.0013918
0.0025566
0.0034767
0.0048225
0.0053561
0.0067602
0.007285
0.0083295
0.0105363
0.0110365
0.0128101
0.0145532
0.014019
0.0163301
0.0200512
0.0177306
0.0193334
0.0209514
0.0281297
0.0236291
0.0230272
0.0248257
0.0243681
0.0274681
0.0346151
0.031786
0.0303044
0.0313984
0.0322479
0.0352493
0.0335542
0.0361836
0.0341385
0.0369808
0.0369228
0.0387739
0.0413221
0.0438102
0.0435456
0.044685
0.0464652
0.0464746
0.048115
0.0542625
0.0514544
0.057304
0.0650223
0.0617928
0.0654962
0.0601462
0.0680779
0.068084
0.0737881
0.0930836
0.151782
0.16458
0.128194
0.0993923
0.124446
0.0990787
0.152381
0.133689
0.204316
0.132829
0.113405
0.112413
0.117814
0.119785
0.119873
0.130455
0.174915
0.209333
0.141589
0.130536
0.139948
0.120755
0.109061
0.112255
0.118685
0.121583
0.118776
0.123105
0.120669
0.155099
0.155509
0.160579
0.155166
0.162346
0.173669
0.184115
0.177503
0.174148
0.239411
0.175988
0.229007
0.199901
0.266948
0.238145
0.194225

d: 3, test: 1;
2.1e-06
0.0010014
0.0016199
0.0026499
0.0037371
0.0048656
0.006042
0.0163907
0.0085783
0.0102766
0.0124194
0.0126483
0.0140036
0.0169145
0.0166486
0.0172826
0.0224065
0.0194324
0.0214417
0.0240272
0.0248129
0.0258755
0.0317936
0.154179
0.0741699
0.0500428
0.0836074
0.102269
0.051016
0.0433255
0.0528635
0.0723692
0.0540297
0.05011
0.0438536
0.0457684
0.048332
0.0565924
0.131183
0.0918077
0.0616764
0.0654294
0.0600671
0.0709747
0.0933571
0.0764769
0.072549
0.0677428
0.0547453
0.086847
0.233998
0.07424
0.0710916
0.0610585
0.0557994
0.059017
0.0682746
0.0783586
0.0876675
0.122817
0.0976034
0.0883194
0.0759071
0.0659917
0.066894
0.0648623
0.064505
0.07778
0.0897347
0.0774577
0.0720691
0.0741154
0.075135
0.0779694
0.0790429
0.0731007
0.0736238
0.0790773
0.0770344
0.084711
0.0970314
0.0905711
0.0874379
0.0850869
0.0854198
0.0904021
0.0922101
0.0946228
0.0902727
0.102989
0.11342
0.113339
0.104061
0.114733
0.112704
0.146672
0.136417
0.113561
0.117037
0.108037
0.110951

