3 1 2
6 1 3
6 2 4
9 1 4
9 2 2
9 3 9
12 1 1
12 2 2
12 3 2
12 4 3
15 1 19
15 2 12
15 3 1
15 4 13
15 5 4
18 1 10
18 2 4
18 3 5
18 4 5
18 5 7
18 6 5
21 1 0
21 2 8
21 3 8
21 4 24
21 5 2
21 6 21
21 7 22
24 1 6
24 2 28
24 3 22
24 4 17
24 5 10
24 6 2
24 7 0
24 8 24
27 1 2
27 2 27
27 3 3
27 4 4
27 5 12
27 6 21
27 7 10
27 8 5
27 9 10
30 1 28
30 2 24
30 3 7
30 4 8
30 5 24
30 6 29
30 7 24
30 8 3
30 9 0
30 10 0
33 1 31
33 2 28
33 3 27
33 4 3
33 5 13
33 6 5
33 7 32
33 8 6
33 9 5
33 10 15
33 11 14
36 1 36
36 2 23
36 3 12
36 4 17
36 5 2
36 6 32
36 7 20
36 8 15
36 9 21
36 10 32
36 11 4
36 12 38
39 1 33
39 2 21
39 3 38
39 4 9
39 5 5
39 6 17
39 7 0
39 8 35
39 9 15
39 10 17
39 11 1
39 12 2
39 13 44
42 1 19
42 2 39
42 3 17
42 4 38
42 5 4
42 6 13
42 7 38
42 8 44
42 9 3
42 10 5
42 11 48
42 12 12
42 13 20
42 14 13
45 1 28
45 2 34
45 3 4
45 4 39
45 5 6
45 6 53
45 7 41
45 8 30
45 9 35
45 10 48
45 11 7
45 12 3
45 13 18
45 14 16
45 15 3
48 1 39
48 2 19
48 3 21
48 4 41
48 5 6
48 6 5
48 7 30
48 8 5
48 9 62
48 10 14
48 11 54
48 12 32
48 13 14
48 14 5
48 15 55
48 16 30
51 1 27
51 2 15
51 3 14
51 4 34
51 5 21
51 6 26
51 7 54
51 8 17
51 9 20
51 10 43
51 11 2
51 12 38
51 13 0
51 14 8
51 15 68
51 16 26
51 17 51
54 1 41
54 2 49
54 3 55
54 4 42
54 5 7
54 6 16
54 7 4
54 8 6
54 9 16
54 10 12
54 11 57
54 12 60
54 13 18
54 14 29
54 15 29
54 16 49
54 17 41
54 18 5
57 1 72
57 2 23
57 3 29
57 4 4
57 5 61
57 6 28
57 7 25
57 8 25
57 9 44
57 10 57
57 11 31
57 12 65
57 13 12
57 14 1
57 15 49
57 16 23
57 17 35
57 18 8
57 19 5
60 1 9
60 2 18
60 3 55
60 4 41
60 5 18
60 6 48
60 7 16
60 8 49
60 9 32
60 10 11
60 11 50
60 12 29
60 13 17
60 14 48
60 15 10
60 16 2
60 17 69
60 18 37
60 19 54
60 20 64
63 1 70
63 2 49
63 3 47
63 4 20
63 5 59
63 6 50
63 7 18
63 8 12
63 9 10
63 10 45
63 11 5
63 12 75
63 13 20
63 14 21
63 15 59
63 16 45
63 17 31
63 18 10
63 19 10
63 20 65
63 21 25
66 1 60
66 2 35
66 3 66
66 4 66
66 5 67
66 6 63
66 7 12
66 8 36
66 9 5
66 10 51
66 11 6
66 12 2
66 13 37
66 14 16
66 15 32
66 16 51
66 17 29
66 18 49
66 19 83
66 20 17
66 21 10
66 22 2
69 1 49
69 2 12
69 3 60
69 4 30
69 5 49
69 6 59
69 7 53
69 8 33
69 9 83
69 10 4
69 11 18
69 12 21
69 13 49
69 14 57
69 15 34
69 16 54
69 17 59
69 18 55
69 19 81
69 20 30
69 21 3
69 22 7
69 23 71
72 1 26
72 2 56
72 3 57
72 4 48
72 5 0
72 6 2
72 7 3
72 8 3
72 9 37
72 10 11
72 11 15
72 12 24
72 13 43
72 14 71
72 15 67
72 16 65
72 17 45
72 18 33
72 19 8
72 20 19
72 21 62
72 22 21
72 23 52
72 24 6
75 1 3
75 2 47
75 3 47
75 4 83
75 5 16
75 6 92
75 7 59
75 8 16
75 9 61
75 10 40
75 11 37
75 12 56
75 13 27
75 14 29
75 15 18
75 16 71
75 17 37
75 18 85
75 19 87
75 20 68
75 21 5
75 22 45
75 23 73
75 24 44
75 25 64
78 1 63
78 2 43
78 3 57
78 4 72
78 5 32
78 6 59
78 7 15
78 8 10
78 9 31
78 10 85
78 11 30
78 12 46
78 13 40
78 14 9
78 15 58
78 16 81
78 17 54
78 18 16
78 19 14
78 20 24
78 21 92
78 22 41
78 23 73
78 24 65
78 25 5
78 26 34
81 1 17
81 2 100
81 3 90
81 4 63
81 5 54
81 6 97
81 7 52
81 8 22
81 9 47
81 10 75
81 11 94
81 12 37
81 13 37
81 14 58
81 15 10
81 16 37
81 17 51
81 18 24
81 19 30
81 20 1
81 21 24
81 22 74
81 23 18
81 24 62
81 25 42
81 26 43
81 27 51
84 1 29
84 2 67
84 3 61
84 4 18
84 5 87
84 6 42
84 7 11
84 8 14
84 9 47
84 10 29
84 11 39
84 12 0
84 13 1
84 14 25
84 15 99
84 16 18
84 17 13
84 18 33
84 19 39
84 20 13
84 21 15
84 22 51
84 23 96
84 24 1
84 25 28
84 26 59
84 27 54
84 28 6
87 1 13
87 2 94
87 3 90
87 4 12
87 5 21
87 6 91
87 7 81
87 8 39
87 9 53
87 10 73
87 11 17
87 12 8
87 13 53
87 14 77
87 15 53
87 16 15
87 17 98
87 18 5
87 19 53
87 20 40
87 21 2
87 22 55
87 23 9
87 24 58
87 25 52
87 26 43
87 27 15
87 28 45
87 29 93
90 1 34
90 2 4
90 3 0
90 4 59
90 5 75
90 6 82
90 7 68
90 8 75
90 9 79
90 10 8
90 11 28
90 12 36
90 13 83
90 14 16
90 15 61
90 16 39
90 17 95
90 18 17
90 19 43
90 20 40
90 21 59
90 22 71
90 23 63
90 24 105
90 25 23
90 26 78
90 27 81
90 28 19
90 29 0
90 30 78
93 1 44
93 2 9
93 3 40
93 4 43
93 5 59
93 6 80
93 7 35
93 8 7
93 9 10
93 10 44
93 11 30
93 12 64
93 13 35
93 14 22
93 15 62
93 16 101
93 17 96
93 18 9
93 19 42
93 20 65
93 21 20
93 22 46
93 23 9
93 24 71
93 25 98
93 26 104
93 27 6
93 28 64
93 29 33
93 30 111
93 31 16
96 1 80
96 2 63
96 3 108
96 4 40
96 5 10
96 6 53
96 7 18
96 8 18
96 9 22
96 10 36
96 11 35
96 12 53
96 13 73
96 14 62
96 15 62
96 16 55
96 17 43
96 18 94
96 19 108
96 20 92
96 21 68
96 22 3
96 23 57
96 24 10
96 25 102
96 26 90
96 27 24
96 28 66
96 29 14
96 30 26
96 31 20
96 32 83
99 1 48
99 2 59
99 3 4
99 4 46
99 5 45
99 6 50
99 7 22
99 8 8
99 9 100
99 10 32
99 11 55
99 12 22
99 13 74
99 14 8
99 15 58
99 16 43
99 17 7
99 18 73
99 19 52
99 20 0
99 21 72
99 22 22
99 23 45
99 24 28
99 25 53
99 26 23
99 27 51
99 28 67
99 29 64
99 30 118
99 31 58
99 32 14
99 33 17
102 1 37
102 2 98
102 3 107
102 4 99
102 5 45
102 6 104
102 7 20
102 8 32
102 9 127
102 10 94
102 11 29
102 12 60
102 13 51
102 14 89
102 15 36
102 16 16
102 17 76
102 18 29
102 19 98
102 20 85
102 21 60
102 22 70
102 23 9
102 24 69
102 25 1
102 26 47
102 27 96
102 28 7
102 29 121
102 30 71
102 31 78
102 32 25
102 33 30
102 34 58
105 1 91
105 2 3
105 3 11
105 4 61
105 5 1
105 6 115
105 7 30
105 8 138
105 9 52
105 10 72
105 11 46
105 12 35
105 13 28
105 14 107
105 15 48
105 16 85
105 17 40
105 18 65
105 19 119
105 20 6
105 21 24
105 22 32
105 23 2
105 24 95
105 25 65
105 26 145
105 27 10
105 28 69
105 29 58
105 30 94
105 31 24
105 32 49
105 33 54
105 34 40
105 35 112
108 1 10
108 2 32
108 3 77
108 4 3
108 5 111
108 6 45
108 7 23
108 8 8
108 9 119
108 10 19
108 11 65
108 12 32
108 13 11
108 14 1
108 15 45
108 16 55
108 17 123
108 18 27
108 19 80
108 20 90
108 21 5
108 22 117
108 23 83
108 24 36
108 25 46
108 26 116
108 27 45
108 28 36
108 29 91
108 30 106
108 31 33
108 32 129
108 33 117
108 34 74
108 35 133
108 36 89
111 1 18
111 2 49
111 3 63
111 4 73
111 5 2
111 6 25
111 7 53
111 8 63
111 9 73
111 10 130
111 11 70
111 12 107
111 13 63
111 14 114
111 15 39
111 16 51
111 17 4
111 18 59
111 19 81
111 20 48
111 21 30
111 22 34
111 23 124
111 24 89
111 25 20
111 26 69
111 27 16
111 28 56
111 29 9
111 30 36
111 31 45
111 32 82
111 33 79
111 34 9
111 35 130
111 36 4
111 37 16
114 1 113
114 2 19
114 3 78
114 4 65
114 5 56
114 6 129
114 7 22
114 8 4
114 9 47
114 10 101
114 11 100
114 12 99
114 13 17
114 14 7
114 15 60
114 16 76
114 17 35
114 18 29
114 19 73
114 20 51
114 21 130
114 22 44
114 23 83
114 24 70
114 25 125
114 26 121
114 27 5
114 28 10
114 29 113
114 30 49
114 31 3
114 32 108
114 33 55
114 34 31
114 35 61
114 36 65
114 37 23
114 38 53
117 1 46
117 2 121
117 3 131
117 4 66
117 5 18
117 6 80
117 7 46
117 8 27
117 9 82
117 10 91
117 11 38
117 12 22
117 13 58
117 14 55
117 15 75
117 16 132
117 17 132
117 18 3
117 19 119
117 20 43
117 21 53
117 22 48
117 23 49
117 24 48
117 25 66
117 26 86
117 27 44
117 28 15
117 29 70
117 30 37
117 31 43
117 32 9
117 33 143
117 34 2
117 35 35
117 36 92
117 37 102
117 38 75
117 39 3
120 1 105
120 2 15
120 3 125
120 4 22
120 5 6
120 6 46
120 7 101
120 8 80
120 9 35
120 10 70
120 11 83
120 12 39
120 13 106
120 14 53
120 15 111
120 16 0
120 17 50
120 18 84
120 19 113
120 20 25
120 21 73
120 22 53
120 23 54
120 24 89
120 25 34
120 26 70
120 27 53
120 28 14
120 29 55
120 30 131
120 31 133
120 32 49
120 33 143
120 34 142
120 35 64
120 36 109
120 37 87
120 38 81
120 39 142
120 40 102
123 1 47
123 2 36
123 3 79
123 4 16
123 5 70
123 6 106
123 7 142
123 8 42
123 9 49
123 10 116
123 11 123
123 12 83
123 13 104
123 14 34
123 15 17
123 16 56
123 17 61
123 18 68
123 19 75
123 20 39
123 21 50
123 22 68
123 23 70
123 24 23
123 25 61
123 26 63
123 27 0
123 28 10
123 29 109
123 30 86
123 31 52
123 32 57
123 33 3
123 34 26
123 35 72
123 36 88
123 37 49
123 38 16
123 39 76
123 40 131
123 41 61
126 1 130
126 2 37
126 3 90
126 4 39
126 5 30
126 6 90
126 7 127
126 8 75
126 9 124
126 10 62
126 11 123
126 12 110
126 13 156
126 14 83
126 15 27
126 16 78
126 17 62
126 18 137
126 19 114
126 20 8
126 21 36
126 22 16
126 23 111
126 24 62
126 25 41
126 26 4
126 27 59
126 28 88
126 29 22
126 30 52
126 31 75
126 32 24
126 33 27
126 34 133
126 35 49
126 36 47
126 37 37
126 38 99
126 39 21
126 40 45
126 41 89
126 42 31
129 1 47
129 2 117
129 3 120
129 4 163
129 5 118
129 6 132
129 7 52
129 8 47
129 9 26
129 10 2
129 11 103
129 12 128
129 13 72
129 14 72
129 15 77
129 16 60
129 17 5
129 18 103
129 19 18
129 20 88
129 21 93
129 22 88
129 23 41
129 24 29
129 25 55
129 26 49
129 27 85
129 28 35
129 29 65
129 30 51
129 31 38
129 32 115
129 33 49
129 34 16
129 35 107
129 36 11
129 37 1
129 38 124
129 39 133
129 40 87
129 41 16
129 42 1
129 43 45
132 1 157
132 2 17
132 3 114
132 4 11
132 5 73
132 6 130
132 7 2
132 8 75
132 9 22
132 10 127
132 11 33
132 12 109
132 13 37
132 14 45
132 15 30
132 16 21
132 17 81
132 18 53
132 19 30
132 20 76
132 21 10
132 22 43
132 23 19
132 24 19
132 25 118
132 26 35
132 27 29
132 28 157
132 29 155
132 30 97
132 31 7
132 32 82
132 33 104
132 34 135
132 35 29
132 36 139
132 37 8
132 38 21
132 39 49
132 40 151
132 41 21
132 42 64
132 43 95
132 44 142
135 1 7
135 2 28
135 3 3
135 4 76
135 5 14
135 6 87
135 7 125
135 8 108
135 9 2
135 10 93
135 11 144
135 12 58
135 13 147
135 14 36
135 15 105
135 16 24
135 17 68
135 18 77
135 19 152
135 20 90
135 21 29
135 22 34
135 23 11
135 24 45
135 25 126
135 26 79
135 27 50
135 28 21
135 29 72
135 30 25
135 31 109
135 32 21
135 33 148
135 34 108
135 35 52
135 36 82
135 37 130
135 38 40
135 39 70
135 40 56
135 41 124
135 42 63
135 43 21
135 44 30
135 45 11
138 1 110
138 2 163
138 3 36
138 4 27
138 5 24
138 6 145
138 7 142
138 8 2
138 9 103
138 10 155
138 11 96
138 12 56
138 13 100
138 14 166
138 15 144
138 16 42
138 17 116
138 18 138
138 19 38
138 20 169
138 21 41
138 22 52
138 23 119
138 24 135
138 25 63
138 26 130
138 27 41
138 28 27
138 29 34
138 30 2
138 31 39
138 32 55
138 33 30
138 34 13
138 35 34
138 36 101
138 37 1
138 38 127
138 39 125
138 40 46
138 41 16
138 42 0
138 43 84
138 44 29
138 45 152
138 46 49
141 1 139
141 2 3
141 3 23
141 4 78
141 5 52
141 6 45
141 7 73
141 8 23
141 9 104
141 10 11
141 11 35
141 12 69
141 13 30
141 14 90
141 15 59
141 16 20
141 17 6
141 18 136
141 19 51
141 20 51
141 21 38
141 22 70
141 23 31
141 24 90
141 25 126
141 26 49
141 27 112
141 28 77
141 29 124
141 30 109
141 31 8
141 32 38
141 33 95
141 34 117
141 35 14
141 36 9
141 37 18
141 38 116
141 39 31
141 40 10
141 41 50
141 42 72
141 43 30
141 44 32
141 45 129
141 46 54
141 47 131
144 1 113
144 2 49
144 3 94
144 4 112
144 5 23
144 6 28
144 7 49
144 8 92
144 9 96
144 10 96
144 11 30
144 12 35
144 13 12
144 14 99
144 15 165
144 16 44
144 17 44
144 18 3
144 19 45
144 20 39
144 21 62
144 22 55
144 23 60
144 24 64
144 25 110
144 26 57
144 27 21
144 28 135
144 29 41
144 30 49
144 31 17
144 32 112
144 33 50
144 34 121
144 35 100
144 36 45
144 37 72
144 38 46
144 39 26
144 40 141
144 41 64
144 42 82
144 43 35
144 44 35
144 45 113
144 46 156
144 47 77
144 48 38
147 1 63
147 2 49
147 3 129
147 4 46
147 5 117
147 6 71
147 7 33
147 8 86
147 9 112
147 10 14
147 11 107
147 12 26
147 13 25
147 14 22
147 15 117
147 16 123
147 17 131
147 18 11
147 19 157
147 20 78
147 21 51
147 22 55
147 23 31
147 24 177
147 25 69
147 26 57
147 27 8
147 28 164
147 29 67
147 30 97
147 31 98
147 32 98
147 33 136
147 34 6
147 35 41
147 36 25
147 37 50
147 38 25
147 39 36
147 40 64
147 41 47
147 42 94
147 43 1
147 44 83
147 45 55
147 46 45
147 47 98
147 48 14
147 49 42
150 1 153
150 2 0
150 3 46
150 4 89
150 5 58
150 6 158
150 7 119
150 8 20
150 9 134
150 10 64
150 11 135
150 12 38
150 13 106
150 14 163
150 15 59
150 16 70
150 17 41
150 18 44
150 19 104
150 20 19
150 21 43
150 22 78
150 23 52
150 24 90
150 25 96
150 26 20
150 27 109
150 28 7
150 29 119
150 30 45
150 31 30
150 32 34
150 33 79
150 34 69
150 35 40
150 36 71
150 37 66
150 38 79
150 39 24
150 40 168
150 41 43
150 42 33
150 43 12
150 44 81
150 45 101
150 46 86
150 47 110
150 48 109
150 49 74
150 50 27
153 1 63
153 2 93
153 3 33
153 4 13
153 5 106
153 6 52
153 7 86
153 8 59
153 9 64
153 10 121
153 11 68
153 12 14
153 13 76
153 14 57
153 15 15
153 16 44
153 17 135
153 18 168
153 19 122
153 20 187
153 21 100
153 22 21
153 23 76
153 24 157
153 25 170
153 26 103
153 27 124
153 28 172
153 29 47
153 30 149
153 31 96
153 32 82
153 33 56
153 34 102
153 35 14
153 36 178
153 37 114
153 38 56
153 39 85
153 40 87
153 41 125
153 42 49
153 43 48
153 44 45
153 45 3
153 46 62
153 47 137
153 48 1
153 49 47
153 50 45
153 51 14
156 1 98
156 2 159
156 3 24
156 4 89
156 5 134
156 6 6
156 7 140
156 8 85
156 9 104
156 10 78
156 11 73
156 12 69
156 13 14
156 14 106
156 15 152
156 16 87
156 17 85
156 18 84
156 19 46
156 20 173
156 21 19
156 22 163
156 23 13
156 24 22
156 25 29
156 26 132
156 27 27
156 28 30
156 29 102
156 30 101
156 31 163
156 32 65
156 33 44
156 34 97
156 35 61
156 36 57
156 37 42
156 38 0
156 39 31
156 40 180
156 41 24
156 42 120
156 43 98
156 44 35
156 45 8
156 46 119
156 47 50
156 48 84
156 49 64
156 50 92
156 51 162
156 52 174
159 1 20
159 2 197
159 3 53
159 4 92
159 5 44
159 6 178
159 7 116
159 8 162
159 9 125
159 10 175
159 11 31
159 12 143
159 13 109
159 14 25
159 15 163
159 16 59
159 17 110
159 18 72
159 19 86
159 20 13
159 21 144
159 22 28
159 23 43
159 24 130
159 25 185
159 26 12
159 27 75
159 28 134
159 29 193
159 30 193
159 31 96
159 32 11
159 33 119
159 34 82
159 35 91
159 36 45
159 37 54
159 38 6
159 39 84
159 40 173
159 41 7
159 42 126
159 43 192
159 44 71
159 45 100
159 46 147
159 47 89
159 48 76
159 49 67
159 50 80
159 51 90
159 52 191
159 53 131
162 1 123
162 2 25
162 3 43
162 4 71
162 5 101
162 6 8
162 7 5
162 8 88
162 9 94
162 10 106
162 11 77
162 12 67
162 13 117
162 14 57
162 15 3
162 16 46
162 17 3
162 18 9
162 19 133
162 20 66
162 21 100
162 22 159
162 23 195
162 24 87
162 25 104
162 26 148
162 27 194
162 28 14
162 29 19
162 30 55
162 31 140
162 32 50
162 33 71
162 34 50
162 35 193
162 36 29
162 37 141
162 38 63
162 39 65
162 40 47
162 41 2
162 42 18
162 43 135
162 44 40
162 45 134
162 46 67
162 47 81
162 48 123
162 49 35
162 50 115
162 51 153
162 52 68
162 53 2
162 54 87
165 1 45
165 2 134
165 3 144
165 4 19
165 5 18
165 6 9
165 7 51
165 8 195
165 9 23
165 10 156
165 11 200
165 12 153
165 13 98
165 14 141
165 15 13
165 16 81
165 17 21
165 18 41
165 19 41
165 20 22
165 21 21
165 22 141
165 23 54
165 24 114
165 25 127
165 26 79
165 27 93
165 28 195
165 29 58
165 30 146
165 31 21
165 32 61
165 33 204
165 34 40
165 35 53
165 36 40
165 37 91
165 38 168
165 39 110
165 40 5
165 41 57
165 42 172
165 43 95
165 44 130
165 45 107
165 46 42
165 47 137
165 48 61
165 49 104
165 50 30
165 51 149
165 52 155
165 53 112
165 54 188
165 55 87
168 1 44
168 2 59
168 3 101
168 4 55
168 5 177
168 6 105
168 7 64
168 8 89
168 9 72
168 10 73
168 11 51
168 12 180
168 13 36
168 14 24
168 15 94
168 16 172
168 17 5
168 18 208
168 19 45
168 20 41
168 21 168
168 22 120
168 23 34
168 24 14
168 25 87
168 26 68
168 27 66
168 28 178
168 29 27
168 30 95
168 31 96
168 32 157
168 33 7
168 34 55
168 35 104
168 36 22
168 37 5
168 38 84
168 39 119
168 40 35
168 41 128
168 42 103
168 43 216
168 44 74
168 45 102
168 46 194
168 47 199
168 48 215
168 49 155
168 50 34
168 51 9
168 52 200
168 53 33
168 54 168
168 55 116
168 56 85
171 1 29
171 2 19
171 3 35
171 4 116
171 5 130
171 6 141
171 7 39
171 8 74
171 9 150
171 10 38
171 11 11
171 12 125
171 13 35
171 14 8
171 15 140
171 16 63
171 17 88
171 18 34
171 19 77
171 20 58
171 21 35
171 22 94
171 23 84
171 24 7
171 25 2
171 26 158
171 27 165
171 28 46
171 29 83
171 30 87
171 31 64
171 32 110
171 33 85
171 34 143
171 35 29
171 36 156
171 37 42
171 38 80
171 39 9
171 40 27
171 41 148
171 42 50
171 43 58
171 44 146
171 45 134
171 46 192
171 47 122
171 48 210
171 49 27
171 50 33
171 51 83
171 52 104
171 53 51
171 54 126
171 55 126
171 56 42
171 57 63
174 1 170
174 2 137
174 3 25
174 4 122
174 5 30
174 6 169
174 7 158
174 8 81
174 9 78
174 10 152
174 11 11
174 12 80
174 13 129
174 14 152
174 15 113
174 16 115
174 17 215
174 18 81
174 19 97
174 20 54
174 21 192
174 22 6
174 23 172
174 24 93
174 25 52
174 26 77
174 27 147
174 28 6
174 29 173
174 30 205
174 31 134
174 32 21
174 33 72
174 34 66
174 35 116
174 36 9
174 37 16
174 38 23
174 39 158
174 40 51
174 41 37
174 42 8
174 43 86
174 44 71
174 45 60
174 46 34
174 47 98
174 48 50
174 49 55
174 50 71
174 51 98
174 52 18
174 53 21
174 54 7
174 55 176
174 56 88
174 57 88
174 58 68
177 1 99
177 2 190
177 3 82
177 4 13
177 5 116
177 6 29
177 7 92
177 8 199
177 9 123
177 10 70
177 11 205
177 12 120
177 13 38
177 14 76
177 15 41
177 16 6
177 17 125
177 18 2
177 19 5
177 20 139
177 21 89
177 22 110
177 23 110
177 24 232
177 25 3
177 26 62
177 27 123
177 28 192
177 29 70
177 30 15
177 31 95
177 32 179
177 33 135
177 34 225
177 35 100
177 36 52
177 37 143
177 38 95
177 39 62
177 40 158
177 41 20
177 42 63
177 43 180
177 44 159
177 45 123
177 46 0
177 47 161
177 48 171
177 49 80
177 50 114
177 51 162
177 52 204
177 53 160
177 54 222
177 55 103
177 56 68
177 57 130
177 58 38
177 59 64
180 1 45
180 2 10
180 3 168
180 4 49
180 5 140
180 6 145
180 7 10
180 8 171
180 9 109
180 10 59
180 11 56
180 12 19
180 13 125
180 14 93
180 15 13
180 16 19
180 17 153
180 18 76
180 19 80
180 20 27
180 21 14
180 22 175
180 23 101
180 24 67
180 25 54
180 26 112
180 27 84
180 28 89
180 29 18
180 30 15
180 31 120
180 32 137
180 33 114
180 34 208
180 35 113
180 36 135
180 37 132
180 38 180
180 39 41
180 40 165
180 41 143
180 42 141
180 43 108
180 44 24
180 45 132
180 46 43
180 47 26
180 48 40
180 49 110
180 50 215
180 51 46
180 52 58
180 53 101
180 54 53
180 55 67
180 56 100
180 57 149
180 58 35
180 59 202
180 60 75
183 1 33
183 2 101
183 3 49
183 4 10
183 5 92
183 6 135
183 7 73
183 8 19
183 9 152
183 10 169
183 11 1
183 12 77
183 13 14
183 14 80
183 15 54
183 16 142
183 17 16
183 18 122
183 19 92
183 20 156
183 21 155
183 22 4
183 23 87
183 24 45
183 25 123
183 26 39
183 27 168
183 28 149
183 29 139
183 30 124
183 31 62
183 32 134
183 33 3
183 34 25
183 35 80
183 36 40
183 37 117
183 38 215
183 39 116
183 40 166
183 41 194
183 42 102
183 43 15
183 44 21
183 45 126
183 46 91
183 47 69
183 48 57
183 49 113
183 50 110
183 51 142
183 52 230
183 53 27
183 54 161
183 55 214
183 56 193
183 57 19
183 58 72
183 59 42
183 60 39
183 61 139
186 1 38
186 2 19
186 3 29
186 4 57
186 5 199
186 6 48
186 7 16
186 8 172
186 9 92
186 10 63
186 11 203
186 12 133
186 13 208
186 14 14
186 15 137
186 16 13
186 17 118
186 18 69
186 19 221
186 20 170
186 21 154
186 22 217
186 23 2
186 24 69
186 25 116
186 26 220
186 27 101
186 28 89
186 29 234
186 30 62
186 31 69
186 32 59
186 33 18
186 34 156
186 35 78
186 36 141
186 37 2
186 38 179
186 39 70
186 40 9
186 41 8
186 42 38
186 43 158
186 44 208
186 45 86
186 46 58
186 47 24
186 48 202
186 49 139
186 50 39
186 51 44
186 52 84
186 53 107
186 54 8
186 55 75
186 56 14
186 57 198
186 58 60
186 59 80
186 60 170
186 61 143
186 62 18
189 1 205
189 2 223
189 3 98
189 4 144
189 5 160
189 6 99
189 7 139
189 8 41
189 9 14
189 10 140
189 11 18
189 12 71
189 13 11
189 14 48
189 15 24
189 16 220
189 17 78
189 18 119
189 19 184
189 20 185
189 21 174
189 22 219
189 23 16
189 24 79
189 25 1
189 26 184
189 27 91
189 28 120
189 29 102
189 30 147
189 31 94
189 32 97
189 33 9
189 34 57
189 35 29
189 36 107
189 37 248
189 38 82
189 39 40
189 40 87
189 41 101
189 42 13
189 43 64
189 44 61
189 45 38
189 46 223
189 47 21
189 48 56
189 49 226
189 50 192
189 51 232
189 52 182
189 53 31
189 54 22
189 55 115
189 56 4
189 57 9
189 58 17
189 59 123
189 60 33
189 61 30
189 62 90
189 63 4
192 1 125
192 2 8
192 3 0
192 4 152
192 5 172
192 6 111
192 7 159
192 8 179
192 9 166
192 10 11
192 11 34
192 12 206
192 13 23
192 14 159
192 15 67
192 16 226
192 17 13
192 18 126
192 19 80
192 20 164
192 21 141
192 22 131
192 23 133
192 24 36
192 25 147
192 26 207
192 27 147
192 28 7
192 29 73
192 30 135
192 31 127
192 32 0
192 33 57
192 34 90
192 35 6
192 36 106
192 37 61
192 38 71
192 39 100
192 40 67
192 41 145
192 42 229
192 43 69
192 44 164
192 45 115
192 46 160
192 47 135
192 48 198
192 49 60
192 50 15
192 51 109
192 52 83
192 53 106
192 54 73
192 55 34
192 56 72
192 57 117
192 58 97
192 59 29
192 60 151
192 61 121
192 62 61
192 63 96
192 64 73
195 1 239
195 2 11
195 3 10
195 4 53
195 5 93
195 6 141
195 7 222
195 8 115
195 9 189
195 10 0
195 11 157
195 12 106
195 13 57
195 14 159
195 15 151
195 16 57
195 17 162
195 18 132
195 19 15
195 20 168
195 21 68
195 22 132
195 23 10
195 24 54
195 25 33
195 26 182
195 27 22
195 28 135
195 29 19
195 30 249
195 31 0
195 32 96
195 33 23
195 34 233
195 35 149
195 36 209
195 37 208
195 38 99
195 39 247
195 40 88
195 41 183
195 42 166
195 43 35
195 44 178
195 45 213
195 46 83
195 47 95
195 48 129
195 49 50
195 50 33
195 51 153
195 52 123
195 53 193
195 54 143
195 55 23
195 56 19
195 57 193
195 58 233
195 59 96
195 60 122
195 61 240
195 62 103
195 63 26
195 64 123
195 65 191
198 1 164
198 2 133
198 3 45
198 4 204
198 5 131
198 6 149
198 7 83
198 8 6
198 9 224
198 10 126
198 11 159
198 12 51
198 13 12
198 14 213
198 15 29
198 16 133
198 17 68
198 18 48
198 19 17
198 20 47
198 21 100
198 22 90
198 23 68
198 24 72
198 25 79
198 26 139
198 27 119
198 28 31
198 29 82
198 30 85
198 31 85
198 32 241
198 33 211
198 34 5
198 35 21
198 36 119
198 37 240
198 38 162
198 39 185
198 40 175
198 41 98
198 42 116
198 43 6
198 44 89
198 45 79
198 46 3
198 47 24
198 48 19
198 49 137
198 50 53
198 51 171
198 52 59
198 53 201
198 54 39
198 55 116
198 56 64
198 57 174
198 58 55
198 59 85
198 60 107
198 61 16
198 62 94
198 63 91
198 64 248
198 65 14
198 66 123
201 1 52
201 2 246
201 3 179
201 4 89
201 5 41
201 6 1
201 7 186
201 8 16
201 9 104
201 10 6
201 11 147
201 12 55
201 13 3
201 14 159
201 15 33
201 16 7
201 17 12
201 18 67
201 19 57
201 20 130
201 21 136
201 22 57
201 23 67
201 24 22
201 25 160
201 26 58
201 27 87
201 28 241
201 29 210
201 30 189
201 31 94
201 32 240
201 33 125
201 34 199
201 35 173
201 36 32
201 37 170
201 38 197
201 39 14
201 40 142
201 41 55
201 42 125
201 43 22
201 44 49
201 45 107
201 46 10
201 47 29
201 48 95
201 49 17
201 50 120
201 51 99
201 52 194
201 53 76
201 54 101
201 55 252
201 56 203
201 57 217
201 58 67
201 59 59
201 60 6
201 61 105
201 62 121
201 63 17
201 64 119
201 65 49
201 66 1
201 67 102
204 1 175
204 2 236
204 3 61
204 4 211
204 5 250
204 6 19
204 7 155
204 8 103
204 9 5
204 10 40
204 11 64
204 12 138
204 13 208
204 14 154
204 15 213
204 16 32
204 17 72
204 18 22
204 19 164
204 20 119
204 21 79
204 22 195
204 23 8
204 24 60
204 25 15
204 26 110
204 27 13
204 28 26
204 29 17
204 30 81
204 31 100
204 32 1
204 33 9
204 34 10
204 35 158
204 36 222
204 37 44
204 38 217
204 39 81
204 40 137
204 41 78
204 42 221
204 43 98
204 44 219
204 45 103
204 46 64
204 47 180
204 48 28
204 49 180
204 50 192
204 51 98
204 52 145
204 53 124
204 54 134
204 55 163
204 56 19
204 57 44
204 58 3
204 59 3
204 60 5
204 61 167
204 62 72
204 63 228
204 64 6
204 65 108
204 66 29
204 67 16
204 68 6
207 1 184
207 2 152
207 3 154
207 4 83
207 5 36
207 6 212
207 7 18
207 8 185
207 9 44
207 10 79
207 11 52
207 12 1
207 13 202
207 14 214
207 15 137
207 16 208
207 17 99
207 18 10
207 19 75
207 20 125
207 21 8
207 22 31
207 23 21
207 24 27
207 25 12
207 26 104
207 27 36
207 28 214
207 29 91
207 30 56
207 31 238
207 32 87
207 33 147
207 34 183
207 35 233
207 36 99
207 37 170
207 38 169
207 39 88
207 40 223
207 41 183
207 42 118
207 43 84
207 44 7
207 45 73
207 46 108
207 47 2
207 48 195
207 49 67
207 50 246
207 51 262
207 52 177
207 53 103
207 54 107
207 55 247
207 56 21
207 57 62
207 58 124
207 59 21
207 60 26
207 61 159
207 62 90
207 63 14
207 64 238
207 65 83
207 66 30
207 67 50
207 68 165
207 69 0
210 1 219
210 2 53
210 3 99
210 4 48
210 5 211
210 6 55
210 7 145
210 8 167
210 9 59
210 10 215
210 11 10
210 12 29
210 13 101
210 14 222
210 15 82
210 16 36
210 17 54
210 18 16
210 19 247
210 20 56
210 21 7
210 22 105
210 23 200
210 24 62
210 25 120
210 26 123
210 27 115
210 28 99
210 29 1
210 30 215
210 31 7
210 32 40
210 33 46
210 34 109
210 35 77
210 36 184
210 37 5
210 38 106
210 39 132
210 40 12
210 41 48
210 42 18
210 43 103
210 44 129
210 45 9
210 46 166
210 47 85
210 48 98
210 49 1
210 50 181
210 51 54
210 52 163
210 53 255
210 54 175
210 55 152
210 56 9
210 57 131
210 58 190
210 59 67
210 60 146
210 61 228
210 62 16
210 63 143
210 64 66
210 65 40
210 66 29
210 67 74
210 68 256
210 69 5
210 70 59
213 1 200
213 2 126
213 3 80
213 4 230
213 5 57
213 6 221
213 7 97
213 8 128
213 9 103
213 10 198
213 11 251
213 12 1
213 13 200
213 14 25
213 15 30
213 16 149
213 17 135
213 18 148
213 19 160
213 20 64
213 21 157
213 22 0
213 23 2
213 24 81
213 25 84
213 26 111
213 27 66
213 28 95
213 29 19
213 30 60
213 31 135
213 32 191
213 33 73
213 34 2
213 35 241
213 36 25
213 37 230
213 38 194
213 39 64
213 40 108
213 41 106
213 42 174
213 43 40
213 44 63
213 45 66
213 46 158
213 47 62
213 48 236
213 49 136
213 50 0
213 51 20
213 52 36
213 53 69
213 54 37
213 55 108
213 56 1
213 57 197
213 58 151
213 59 14
213 60 232
213 61 33
213 62 59
213 63 3
213 64 0
213 65 70
213 66 20
213 67 43
213 68 70
213 69 23
213 70 147
213 71 100
216 1 20
216 2 57
216 3 79
216 4 62
216 5 61
216 6 126
216 7 241
216 8 123
216 9 166
216 10 17
216 11 70
216 12 20
216 13 30
216 14 215
216 15 4
216 16 226
216 17 45
216 18 109
216 19 197
216 20 220
216 21 108
216 22 55
216 23 28
216 24 68
216 25 60
216 26 160
216 27 62
216 28 2
216 29 158
216 30 213
216 31 190
216 32 140
216 33 197
216 34 210
216 35 132
216 36 207
216 37 58
216 38 217
216 39 146
216 40 173
216 41 59
216 42 42
216 43 24
216 44 101
216 45 52
216 46 194
216 47 210
216 48 164
216 49 86
216 50 241
216 51 202
216 52 197
216 53 107
216 54 250
216 55 90
216 56 21
216 57 10
216 58 171
216 59 129
216 60 226
216 61 8
216 62 18
216 63 171
216 64 67
216 65 16
216 66 209
216 67 135
216 68 0
216 69 80
216 70 23
216 71 53
216 72 176
219 1 88
219 2 56
219 3 139
219 4 226
219 5 250
219 6 239
219 7 162
219 8 115
219 9 163
219 10 89
219 11 253
219 12 168
219 13 224
219 14 3
219 15 248
219 16 64
219 17 20
219 18 95
219 19 237
219 20 84
219 21 216
219 22 15
219 23 205
219 24 84
219 25 90
219 26 66
219 27 186
219 28 221
219 29 129
219 30 163
219 31 127
219 32 147
219 33 55
219 34 138
219 35 13
219 36 234
219 37 237
219 38 227
219 39 51
219 40 164
219 41 181
219 42 26
219 43 233
219 44 98
219 45 222
219 46 125
219 47 171
219 48 2
219 49 69
219 50 234
219 51 70
219 52 144
219 53 260
219 54 78
219 55 28
219 56 19
219 57 44
219 58 232
219 59 142
219 60 162
219 61 163
219 62 103
219 63 132
219 64 197
219 65 141
219 66 71
219 67 29
219 68 81
219 69 62
219 70 58
219 71 64
219 72 83
219 73 150
222 1 85
222 2 122
222 3 49
222 4 204
222 5 30
222 6 20
222 7 22
222 8 90
222 9 96
222 10 7
222 11 53
222 12 8
222 13 59
222 14 219
222 15 17
222 16 11
222 17 63
222 18 12
222 19 19
222 20 17
222 21 97
222 22 269
222 23 266
222 24 195
222 25 28
222 26 59
222 27 32
222 28 17
222 29 153
222 30 131
222 31 64
222 32 60
222 33 137
222 34 97
222 35 119
222 36 151
222 37 128
222 38 22
222 39 24
222 40 65
222 41 240
222 42 143
222 43 202
222 44 279
222 45 30
222 46 233
222 47 31
222 48 108
222 49 11
222 50 224
222 51 247
222 52 36
222 53 108
222 54 58
222 55 104
222 56 121
222 57 197
222 58 31
222 59 75
222 60 43
222 61 62
222 62 113
222 63 41
222 64 74
222 65 46
222 66 103
222 67 32
222 68 83
222 69 230
222 70 36
222 71 3
222 72 277
222 73 29
222 74 123
225 1 250
225 2 115
225 3 76
225 4 45
225 5 143
225 6 27
225 7 43
225 8 140
225 9 194
225 10 71
225 11 60
225 12 68
225 13 121
225 14 159
225 15 170
225 16 131
225 17 275
225 18 158
225 19 19
225 20 39
225 21 40
225 22 135
225 23 82
225 24 82
225 25 213
225 26 26
225 27 26
225 28 35
225 29 181
225 30 37
225 31 187
225 32 114
225 33 142
225 34 20
225 35 93
225 36 25
225 37 162
225 38 201
225 39 110
225 40 269
225 41 27
225 42 9
225 43 47
225 44 92
225 45 219
225 46 40
225 47 13
225 48 145
225 49 90
225 50 194
225 51 109
225 52 57
225 53 159
225 54 221
225 55 236
225 56 22
225 57 68
225 58 127
225 59 42
225 60 182
225 61 134
225 62 15
225 63 273
225 64 197
225 65 99
225 66 26
225 67 89
225 68 98
225 69 144
225 70 189
225 71 8
225 72 11
225 73 108
225 74 49
225 75 146
228 1 259
228 2 173
228 3 27
228 4 155
228 5 22
228 6 285
228 7 71
228 8 49
228 9 226
228 10 113
228 11 133
228 12 37
228 13 252
228 14 123
228 15 61
228 16 96
228 17 21
228 18 102
228 19 293
228 20 95
228 21 12
228 22 100
228 23 145
228 24 238
228 25 118
228 26 94
228 27 168
228 28 221
228 29 193
228 30 180
228 31 10
228 32 2
228 33 65
228 34 131
228 35 115
228 36 193
228 37 120
228 38 4
228 39 171
228 40 46
228 41 147
228 42 176
228 43 60
228 44 18
228 45 7
228 46 120
228 47 252
228 48 214
228 49 219
228 50 152
228 51 65
228 52 81
228 53 5
228 54 150
228 55 167
228 56 170
228 57 93
228 58 127
228 59 258
228 60 52
228 61 250
228 62 18
228 63 29
228 64 135
228 65 104
228 66 127
228 67 23
228 68 192
228 69 223
228 70 27
228 71 2
228 72 160
228 73 58
228 74 124
228 75 199
228 76 188
231 1 85
231 2 11
231 3 70
231 4 52
231 5 262
231 6 60
231 7 161
231 8 175
231 9 35
231 10 12
231 11 156
231 12 16
231 13 241
231 14 145
231 15 261
231 16 62
231 17 97
231 18 92
231 19 202
231 20 16
231 21 42
231 22 256
231 23 25
231 24 278
231 25 7
231 26 149
231 27 44
231 28 182
231 29 37
231 30 121
231 31 145
231 32 220
231 33 246
231 34 197
231 35 85
231 36 228
231 37 167
231 38 274
231 39 6
231 40 62
231 41 100
231 42 15
231 43 190
231 44 38
231 45 142
231 46 63
231 47 94
231 48 131
231 49 175
231 50 215
231 51 28
231 52 145
231 53 83
231 54 263
231 55 70
231 56 262
231 57 71
231 58 27
231 59 109
231 60 90
231 61 201
231 62 33
231 63 68
231 64 124
231 65 126
231 66 208
231 67 99
231 68 190
231 69 187
231 70 129
231 71 127
231 72 175
231 73 185
231 74 240
231 75 47
231 76 5
231 77 47
234 1 122
234 2 163
234 3 161
234 4 259
234 5 92
234 6 101
234 7 114
234 8 20
234 9 121
234 10 121
234 11 94
234 12 214
234 13 101
234 14 108
234 15 70
234 16 258
234 17 286
234 18 219
234 19 230
234 20 263
234 21 225
234 22 112
234 23 196
234 24 23
234 25 43
234 26 263
234 27 205
234 28 265
234 29 76
234 30 34
234 31 69
234 32 242
234 33 95
234 34 264
234 35 260
234 36 11
234 37 89
234 38 162
234 39 183
234 40 5
234 41 223
234 42 158
234 43 183
234 44 149
234 45 14
234 46 219
234 47 157
234 48 147
234 49 1
234 50 119
234 51 37
234 52 146
234 53 141
234 54 236
234 55 65
234 56 51
234 57 72
234 58 240
234 59 254
234 60 4
234 61 262
234 62 38
234 63 1
234 64 246
234 65 18
234 66 223
234 67 167
234 68 193
234 69 46
234 70 166
234 71 279
234 72 154
234 73 219
234 74 145
234 75 191
234 76 42
234 77 208
234 78 49
237 1 40
237 2 48
237 3 71
237 4 1
237 5 305
237 6 115
237 7 285
237 8 4
237 9 194
237 10 213
237 11 80
237 12 67
237 13 137
237 14 117
237 15 49
237 16 60
237 17 210
237 18 95
237 19 39
237 20 129
237 21 108
237 22 227
237 23 225
237 24 251
237 25 82
237 26 250
237 27 11
237 28 180
237 29 178
237 30 160
237 31 88
237 32 264
237 33 252
237 34 129
237 35 262
237 36 27
237 37 4
237 38 96
237 39 74
237 40 110
237 41 58
237 42 268
237 43 184
237 44 23
237 45 182
237 46 102
237 47 183
237 48 178
237 49 120
237 50 225
237 51 110
237 52 146
237 53 48
237 54 125
237 55 12
237 56 159
237 57 19
237 58 263
237 59 265
237 60 78
237 61 153
237 62 107
237 63 60
237 64 60
237 65 53
237 66 177
237 67 267
237 68 18
237 69 137
237 70 4
237 71 153
237 72 171
237 73 113
237 74 295
237 75 68
237 76 52
237 77 19
237 78 27
237 79 20
240 1 183
240 2 191
240 3 50
240 4 100
240 5 219
240 6 98
240 7 0
240 8 133
240 9 15
240 10 69
240 11 7
240 12 277
240 13 76
240 14 162
240 15 63
240 16 79
240 17 204
240 18 77
240 19 141
240 20 19
240 21 73
240 22 26
240 23 139
240 24 44
240 25 54
240 26 44
240 27 42
240 28 2
240 29 104
240 30 165
240 31 48
240 32 175
240 33 37
240 34 66
240 35 157
240 36 86
240 37 182
240 38 37
240 39 148
240 40 116
240 41 181
240 42 126
240 43 160
240 44 168
240 45 204
240 46 82
240 47 153
240 48 27
240 49 189
240 50 55
240 51 251
240 52 250
240 53 166
240 54 167
240 55 207
240 56 58
240 57 13
240 58 167
240 59 39
240 60 6
240 61 14
240 62 259
240 63 78
240 64 82
240 65 117
240 66 76
240 67 133
240 68 187
240 69 72
240 70 265
240 71 76
240 72 170
240 73 32
240 74 72
240 75 226
240 76 66
240 77 28
240 78 275
240 79 8
240 80 44
243 1 182
243 2 54
243 3 229
243 4 211
243 5 149
243 6 195
243 7 193
243 8 137
243 9 208
243 10 54
243 11 101
243 12 90
243 13 41
243 14 137
243 15 276
243 16 65
243 17 234
243 18 180
243 19 278
243 20 146
243 21 0
243 22 141
243 23 9
243 24 2
243 25 54
243 26 152
243 27 86
243 28 43
243 29 36
243 30 174
243 31 23
243 32 70
243 33 196
243 34 224
243 35 210
243 36 123
243 37 88
243 38 131
243 39 239
243 40 116
243 41 113
243 42 121
243 43 39
243 44 39
243 45 229
243 46 177
243 47 231
243 48 88
243 49 37
243 50 241
243 51 15
243 52 191
243 53 90
243 54 57
243 55 178
243 56 169
243 57 62
243 58 32
243 59 5
243 60 172
243 61 94
243 62 273
243 63 185
243 64 286
243 65 85
243 66 130
243 67 54
243 68 85
243 69 204
243 70 8
243 71 81
243 72 205
243 73 273
243 74 282
243 75 258
243 76 9
243 77 244
243 78 234
243 79 156
243 80 216
243 81 147
246 1 118
246 2 89
246 3 90
246 4 21
246 5 28
246 6 2
246 7 182
246 8 7
246 9 106
246 10 239
246 11 204
246 12 243
246 13 151
246 14 199
246 15 64
246 16 122
246 17 35
246 18 191
246 19 281
246 20 8
246 21 127
246 22 102
246 23 161
246 24 217
246 25 133
246 26 148
246 27 68
246 28 58
246 29 76
246 30 63
246 31 189
246 32 256
246 33 105
246 34 38
246 35 163
246 36 268
246 37 167
246 38 18
246 39 118
246 40 282
246 41 33
246 42 137
246 43 119
246 44 164
246 45 115
246 46 54
246 47 313
246 48 21
246 49 31
246 50 12
246 51 197
246 52 168
246 53 96
246 54 106
246 55 240
246 56 241
246 57 158
246 58 22
246 59 86
246 60 274
246 61 184
246 62 239
246 63 220
246 64 128
246 65 31
246 66 246
246 67 29
246 68 26
246 69 168
246 70 204
246 71 50
246 72 29
246 73 120
246 74 186
246 75 44
246 76 122
246 77 127
246 78 238
246 79 75
246 80 236
246 81 152
246 82 22
249 1 75
249 2 38
249 3 62
249 4 44
249 5 54
249 6 51
249 7 126
249 8 299
249 9 11
249 10 147
249 11 13
249 12 28
249 13 59
249 14 20
249 15 174
249 16 11
249 17 188
249 18 148
249 19 136
249 20 124
249 21 47
249 22 99
249 23 185
249 24 201
249 25 77
249 26 274
249 27 48
249 28 70
249 29 54
249 30 19
249 31 26
249 32 9
249 33 278
249 34 10
249 35 62
249 36 44
249 37 71
249 38 178
249 39 63
249 40 156
249 41 29
249 42 34
249 43 216
249 44 239
249 45 197
249 46 45
249 47 95
249 48 171
249 49 149
249 50 51
249 51 109
249 52 16
249 53 261
249 54 138
249 55 156
249 56 96
249 57 36
249 58 136
249 59 125
249 60 53
249 61 76
249 62 25
249 63 63
249 64 150
249 65 151
249 66 44
249 67 23
249 68 103
249 69 41
249 70 7
249 71 8
249 72 157
249 73 72
249 74 109
249 75 197
249 76 62
249 77 247
249 78 136
249 79 139
249 80 233
249 81 84
249 82 106
249 83 112
252 1 64
252 2 84
252 3 60
252 4 131
252 5 43
252 6 54
252 7 33
252 8 252
252 9 66
252 10 91
252 11 114
252 12 84
252 13 149
252 14 275
252 15 118
252 16 30
252 17 170
252 18 97
252 19 205
252 20 127
252 21 223
252 22 114
252 23 130
252 24 167
252 25 197
252 26 271
252 27 66
252 28 203
252 29 171
252 30 7
252 31 196
252 32 265
252 33 109
252 34 263
252 35 271
252 36 91
252 37 9
252 38 314
252 39 125
252 40 195
252 41 41
252 42 125
252 43 13
252 44 316
252 45 217
252 46 51
252 47 62
252 48 299
252 49 231
252 50 170
252 51 260
252 52 241
252 53 225
252 54 167
252 55 108
252 56 108
252 57 288
252 58 297
252 59 147
252 60 107
252 61 2
252 62 175
252 63 35
252 64 182
252 65 119
252 66 104
252 67 122
252 68 60
252 69 146
252 70 239
252 71 184
252 72 159
252 73 249
252 74 113
252 75 13
252 76 38
252 77 1
252 78 105
252 79 21
252 80 76
252 81 59
252 82 8
252 83 5
252 84 113
255 1 176
255 2 158
255 3 303
255 4 205
255 5 284
255 6 202
255 7 119
255 8 49
255 9 168
255 10 110
255 11 298
255 12 142
255 13 165
255 14 102
255 15 66
255 16 79
255 17 165
255 18 84
255 19 21
255 20 271
255 21 25
255 22 117
255 23 266
255 24 307
255 25 299
255 26 127
255 27 57
255 28 5
255 29 83
255 30 71
255 31 192
255 32 125
255 33 63
255 34 280
255 35 59
255 36 314
255 37 159
255 38 186
255 39 139
255 40 57
255 41 170
255 42 204
255 43 33
255 44 103
255 45 90
255 46 262
255 47 149
255 48 278
255 49 88
255 50 145
255 51 79
255 52 67
255 53 184
255 54 89
255 55 21
255 56 33
255 57 268
255 58 48
255 59 7
255 60 185
255 61 143
255 62 73
255 63 21
255 64 36
255 65 62
255 66 108
255 67 69
255 68 163
255 69 233
255 70 122
255 71 32
255 72 202
255 73 249
255 74 121
255 75 101
255 76 233
255 77 161
255 78 140
255 79 161
255 80 161
255 81 256
255 82 23
255 83 211
255 84 230
255 85 313
258 1 104
258 2 56
258 3 214
258 4 119
258 5 108
258 6 228
258 7 159
258 8 175
258 9 221
258 10 6
258 11 57
258 12 248
258 13 138
258 14 329
258 15 116
258 16 20
258 17 222
258 18 89
258 19 291
258 20 334
258 21 35
258 22 238
258 23 27
258 24 129
258 25 58
258 26 35
258 27 111
258 28 288
258 29 0
258 30 132
258 31 56
258 32 40
258 33 210
258 34 52
258 35 62
258 36 233
258 37 102
258 38 172
258 39 65
258 40 87
258 41 96
258 42 143
258 43 116
258 44 98
258 45 167
258 46 94
258 47 237
258 48 294
258 49 81
258 50 136
258 51 56
258 52 24
258 53 189
258 54 80
258 55 149
258 56 202
258 57 156
258 58 332
258 59 294
258 60 42
258 61 203
258 62 118
258 63 45
258 64 310
258 65 211
258 66 117
258 67 272
258 68 318
258 69 55
258 70 295
258 71 189
258 72 237
258 73 63
258 74 238
258 75 170
258 76 286
258 77 138
258 78 139
258 79 130
258 80 5
258 81 200
258 82 98
258 83 100
258 84 138
258 85 62
258 86 178
261 1 300
261 2 55
261 3 73
261 4 177
261 5 288
261 6 238
261 7 30
261 8 143
261 9 203
261 10 98
261 11 53
261 12 186
261 13 158
261 14 17
261 15 291
261 16 247
261 17 193
261 18 6
261 19 171
261 20 66
261 21 104
261 22 326
261 23 29
261 24 313
261 25 271
261 26 147
261 27 66
261 28 174
261 29 187
261 30 261
261 31 10
261 32 249
261 33 51
261 34 258
261 35 36
261 36 38
261 37 191
261 38 41
261 39 51
261 40 286
261 41 280
261 42 39
261 43 106
261 44 142
261 45 73
261 46 185
261 47 83
261 48 38
261 49 306
261 50 203
261 51 5
261 52 92
261 53 114
261 54 319
261 55 278
261 56 245
261 57 140
261 58 41
261 59 104
261 60 226
261 61 83
261 62 113
261 63 140
261 64 18
261 65 147
261 66 135
261 67 123
261 68 0
261 69 18
261 70 246
261 71 106
261 72 119
261 73 269
261 74 331
261 75 250
261 76 193
261 77 55
261 78 251
261 79 66
261 80 110
261 81 69
261 82 308
261 83 187
261 84 116
261 85 155
261 86 304
261 87 216
264 1 146
264 2 29
264 3 100
264 4 302
264 5 129
264 6 165
264 7 20
264 8 52
264 9 314
264 10 266
264 11 280
264 12 100
264 13 34
264 14 8
264 15 131
264 16 80
264 17 62
264 18 232
264 19 85
264 20 3
264 21 214
264 22 78
264 23 191
264 24 290
264 25 146
264 26 185
264 27 19
264 28 154
264 29 50
264 30 58
264 31 38
264 32 100
264 33 44
264 34 278
264 35 45
264 36 107
264 37 144
264 38 7
264 39 38
264 40 294
264 41 10
264 42 157
264 43 123
264 44 65
264 45 11
264 46 98
264 47 141
264 48 60
264 49 32
264 50 99
264 51 193
264 52 74
264 53 322
264 54 95
264 55 119
264 56 256
264 57 77
264 58 201
264 59 110
264 60 133
264 61 51
264 62 147
264 63 43
264 64 259
264 65 27
264 66 153
264 67 92
264 68 227
264 69 146
264 70 188
264 71 63
264 72 184
264 73 207
264 74 25
264 75 167
264 76 77
264 77 132
264 78 311
264 79 283
264 80 123
264 81 32
264 82 293
264 83 96
264 84 11
264 85 29
264 86 126
264 87 308
264 88 143
267 1 80
267 2 12
267 3 254
267 4 26
267 5 111
267 6 114
267 7 29
267 8 19
267 9 134
267 10 46
267 11 210
267 12 29
267 13 73
267 14 169
267 15 235
267 16 353
267 17 18
267 18 245
267 19 250
267 20 256
267 21 188
267 22 87
267 23 22
267 24 24
267 25 134
267 26 309
267 27 206
267 28 65
267 29 17
267 30 149
267 31 131
267 32 227
267 33 209
267 34 314
267 35 114
267 36 1
267 37 64
267 38 153
267 39 104
267 40 138
267 41 228
267 42 105
267 43 287
267 44 109
267 45 5
267 46 216
267 47 253
267 48 132
267 49 88
267 50 171
267 51 276
267 52 26
267 53 183
267 54 44
267 55 198
267 56 71
267 57 161
267 58 268
267 59 303
267 60 85
267 61 193
267 62 33
267 63 104
267 64 90
267 65 89
267 66 147
267 67 188
267 68 240
267 69 248
267 70 191
267 71 151
267 72 207
267 73 238
267 74 17
267 75 29
267 76 46
267 77 238
267 78 39
267 79 177
267 80 191
267 81 303
267 82 178
267 83 122
267 84 315
267 85 91
267 86 145
267 87 43
267 88 285
267 89 19
270 1 244
270 2 11
270 3 297
270 4 69
270 5 102
270 6 161
270 7 81
270 8 169
270 9 93
270 10 59
270 11 326
270 12 126
270 13 147
270 14 278
270 15 52
270 16 160
270 17 51
270 18 282
270 19 290
270 20 167
270 21 214
270 22 131
270 23 5
270 24 79
270 25 254
270 26 246
270 27 91
270 28 152
270 29 308
270 30 15
270 31 166
270 32 88
270 33 147
270 34 145
270 35 273
270 36 51
270 37 289
270 38 49
270 39 291
270 40 80
270 41 70
270 42 208
270 43 220
270 44 10
270 45 176
270 46 87
270 47 171
270 48 116
270 49 173
270 50 41
270 51 46
270 52 219
270 53 234
270 54 75
270 55 232
270 56 109
270 57 120
270 58 307
270 59 93
270 60 11
270 61 64
270 62 244
270 63 254
270 64 232
270 65 273
270 66 85
270 67 4
270 68 76
270 69 204
270 70 169
270 71 194
270 72 56
270 73 40
270 74 216
270 75 131
270 76 23
270 77 102
270 78 315
270 79 187
270 80 111
270 81 165
270 82 234
270 83 71
270 84 147
270 85 164
270 86 55
270 87 36
270 88 320
270 89 1
270 90 72
273 1 88
273 2 39
273 3 58
273 4 36
273 5 200
273 6 145
273 7 125
273 8 208
273 9 165
273 10 103
273 11 42
273 12 140
273 13 3
273 14 319
273 15 156
273 16 3
273 17 22
273 18 58
273 19 28
273 20 4
273 21 115
273 22 13
273 23 160
273 24 144
273 25 5
273 26 67
273 27 157
273 28 100
273 29 46
273 30 122
273 31 51
273 32 165
273 33 247
273 34 39
273 35 309
273 36 293
273 37 216
273 38 230
273 39 331
273 40 146
273 41 70
273 42 282
273 43 42
273 44 39
273 45 233
273 46 266
273 47 301
273 48 273
273 49 223
273 50 1
273 51 186
273 52 34
273 53 218
273 54 217
273 55 188
273 56 138
273 57 79
273 58 229
273 59 11
273 60 15
273 61 84
273 62 3
273 63 83
273 64 292
273 65 45
273 66 17
273 67 179
273 68 24
273 69 85
273 70 307
273 71 87
273 72 218
273 73 111
273 74 172
273 75 146
273 76 179
273 77 41
273 78 25
273 79 115
273 80 326
273 81 51
273 82 170
273 83 137
273 84 279
273 85 123
273 86 244
273 87 174
273 88 250
273 89 236
273 90 65
273 91 49
276 1 130
276 2 13
276 3 63
276 4 21
276 5 247
276 6 39
276 7 101
276 8 112
276 9 250
276 10 71
276 11 109
276 12 151
276 13 223
276 14 281
276 15 181
276 16 260
276 17 155
276 18 248
276 19 59
276 20 18
276 21 36
276 22 65
276 23 273
276 24 62
276 25 23
276 26 137
276 27 113
276 28 216
276 29 32
276 30 156
276 31 50
276 32 28
276 33 282
276 34 184
276 35 301
276 36 159
276 37 148
276 38 109
276 39 71
276 40 68
276 41 108
276 42 246
276 43 7
276 44 117
276 45 132
276 46 285
276 47 210
276 48 205
276 49 312
276 50 40
276 51 32
276 52 128
276 53 219
276 54 88
276 55 32
276 56 37
276 57 143
276 58 243
276 59 11
276 60 66
276 61 108
276 62 65
276 63 86
276 64 65
276 65 276
276 66 15
276 67 174
276 68 109
276 69 116
276 70 113
276 71 197
276 72 158
276 73 130
276 74 76
276 75 138
276 76 108
276 77 253
276 78 94
276 79 86
276 80 284
276 81 48
276 82 39
276 83 137
276 84 12
276 85 36
276 86 305
276 87 100
276 88 98
276 89 3
276 90 86
276 91 167
276 92 2
279 1 186
279 2 233
279 3 144
279 4 303
279 5 6
279 6 233
279 7 59
279 8 338
279 9 143
279 10 225
279 11 21
279 12 129
279 13 83
279 14 180
279 15 104
279 16 33
279 17 258
279 18 35
279 19 139
279 20 110
279 21 141
279 22 186
279 23 18
279 24 72
279 25 115
279 26 252
279 27 45
279 28 91
279 29 97
279 30 208
279 31 50
279 32 28
279 33 126
279 34 257
279 35 18
279 36 296
279 37 155
279 38 118
279 39 116
279 40 17
279 41 136
279 42 75
279 43 36
279 44 239
279 45 104
279 46 212
279 47 100
279 48 265
279 49 201
279 50 227
279 51 63
279 52 278
279 53 178
279 54 14
279 55 4
279 56 0
279 57 66
279 58 250
279 59 230
279 60 31
279 61 243
279 62 12
279 63 10
279 64 76
279 65 178
279 66 14
279 67 299
279 68 47
279 69 51
279 70 19
279 71 221
279 72 71
279 73 211
279 74 265
279 75 115
279 76 105
279 77 192
279 78 277
279 79 144
279 80 22
279 81 168
279 82 212
279 83 78
279 84 261
279 85 340
279 86 36
279 87 90
279 88 68
279 89 17
279 90 66
279 91 187
279 92 261
279 93 178
282 1 340
282 2 62
282 3 63
282 4 132
282 5 298
282 6 135
282 7 323
282 8 151
282 9 137
282 10 199
282 11 67
282 12 304
282 13 24
282 14 163
282 15 305
282 16 198
282 17 20
282 18 30
282 19 19
282 20 111
282 21 340
282 22 339
282 23 207
282 24 156
282 25 253
282 26 233
282 27 15
282 28 18
282 29 130
282 30 68
282 31 88
282 32 172
282 33 168
282 34 158
282 35 83
282 36 137
282 37 27
282 38 52
282 39 8
282 40 229
282 41 307
282 42 173
282 43 191
282 44 16
282 45 257
282 46 294
282 47 309
282 48 187
282 49 254
282 50 355
282 51 108
282 52 79
282 53 229
282 54 227
282 55 82
282 56 153
282 57 138
282 58 201
282 59 101
282 60 271
282 61 268
282 62 142
282 63 14
282 64 339
282 65 16
282 66 76
282 67 250
282 68 292
282 69 170
282 70 109
282 71 55
282 72 263
282 73 262
282 74 58
282 75 307
282 76 300
282 77 133
282 78 21
282 79 22
282 80 118
282 81 230
282 82 90
282 83 124
282 84 103
282 85 218
282 86 182
282 87 196
282 88 110
282 89 187
282 90 62
282 91 189
282 92 222
282 93 229
282 94 124
285 1 211
285 2 158
285 3 313
285 4 80
285 5 34
285 6 25
285 7 77
285 8 59
285 9 231
285 10 98
285 11 7
285 12 164
285 13 288
285 14 155
285 15 288
285 16 165
285 17 43
285 18 65
285 19 191
285 20 50
285 21 284
285 22 13
285 23 262
285 24 23
285 25 236
285 26 134
285 27 208
285 28 144
285 29 195
285 30 115
285 31 264
285 32 79
285 33 184
285 34 219
285 35 204
285 36 158
285 37 56
285 38 289
285 39 63
285 40 308
285 41 90
285 42 122
285 43 78
285 44 42
285 45 300
285 46 38
285 47 86
285 48 143
285 49 118
285 50 232
285 51 226
285 52 196
285 53 232
285 54 210
285 55 11
285 56 319
285 57 44
285 58 287
285 59 63
285 60 220
285 61 31
285 62 114
285 63 178
285 64 47
285 65 14
285 66 225
285 67 180
285 68 54
285 69 58
285 70 54
285 71 89
285 72 209
285 73 112
285 74 26
285 75 23
285 76 36
285 77 185
285 78 65
285 79 265
285 80 113
285 81 108
285 82 210
285 83 18
285 84 95
285 85 99
285 86 116
285 87 176
285 88 286
285 89 144
285 90 140
285 91 105
285 92 1
285 93 94
285 94 275
285 95 166
288 1 120
288 2 274
288 3 257
288 4 319
288 5 197
288 6 23
288 7 127
288 8 48
288 9 221
288 10 139
288 11 208
288 12 118
288 13 14
288 14 22
288 15 180
288 16 123
288 17 336
288 18 325
288 19 304
288 20 136
288 21 81
288 22 323
288 23 121
288 24 111
288 25 76
288 26 47
288 27 26
288 28 220
288 29 263
288 30 71
288 31 304
288 32 29
288 33 250
288 34 15
288 35 135
288 36 36
288 37 339
288 38 250
288 39 33
288 40 45
288 41 169
288 42 194
288 43 224
288 44 78
288 45 39
288 46 110
288 47 112
288 48 23
288 49 361
288 50 307
288 51 3
288 52 230
288 53 116
288 54 134
288 55 44
288 56 7
288 57 171
288 58 272
288 59 93
288 60 187
288 61 79
288 62 217
288 63 5
288 64 68
288 65 118
288 66 47
288 67 173
288 68 215
288 69 254
288 70 58
288 71 334
288 72 220
288 73 47
288 74 108
288 75 13
288 76 54
288 77 211
288 78 40
288 79 156
288 80 5
288 81 129
288 82 243
288 83 258
288 84 225
288 85 229
288 86 211
288 87 205
288 88 329
288 89 27
288 90 162
288 91 10
288 92 289
288 93 302
288 94 262
288 95 334
288 96 106
291 1 189
291 2 254
291 3 143
291 4 206
291 5 213
291 6 26
291 7 121
291 8 6
291 9 316
291 10 263
291 11 143
291 12 186
291 13 85
291 14 259
291 15 125
291 16 8
291 17 165
291 18 137
291 19 24
291 20 326
291 21 128
291 22 237
291 23 166
291 24 345
291 25 133
291 26 241
291 27 272
291 28 73
291 29 213
291 30 33
291 31 41
291 32 121
291 33 202
291 34 90
291 35 121
291 36 20
291 37 211
291 38 281
291 39 51
291 40 291
291 41 68
291 42 22
291 43 28
291 44 100
291 45 149
291 46 4
291 47 65
291 48 27
291 49 290
291 50 53
291 51 38
291 52 226
291 53 78
291 54 209
291 55 74
291 56 151
291 57 212
291 58 168
291 59 12
291 60 13
291 61 105
291 62 106
291 63 24
291 64 37
291 65 131
291 66 245
291 67 176
291 68 164
291 69 293
291 70 84
291 71 210
291 72 96
291 73 27
291 74 134
291 75 64
291 76 212
291 77 336
291 78 137
291 79 117
291 80 142
291 81 108
291 82 164
291 83 216
291 84 127
291 85 64
291 86 213
291 87 78
291 88 54
291 89 132
291 90 116
291 91 5
291 92 88
291 93 36
291 94 37
291 95 105
291 96 147
291 97 20
294 1 375
294 2 62
294 3 92
294 4 362
294 5 101
294 6 65
294 7 129
294 8 241
294 9 228
294 10 42
294 11 248
294 12 189
294 13 103
294 14 155
294 15 306
294 16 261
294 17 227
294 18 59
294 19 355
294 20 62
294 21 237
294 22 18
294 23 370
294 24 269
294 25 2
294 26 239
294 27 322
294 28 59
294 29 56
294 30 3
294 31 267
294 32 351
294 33 140
294 34 111
294 35 147
294 36 268
294 37 68
294 38 259
294 39 133
294 40 9
294 41 208
294 42 132
294 43 142
294 44 86
294 45 362
294 46 169
294 47 20
294 48 206
294 49 44
294 50 4
294 51 209
294 52 219
294 53 215
294 54 21
294 55 229
294 56 34
294 57 180
294 58 151
294 59 138
294 60 0
294 61 0
294 62 178
294 63 89
294 64 155
294 65 36
294 66 106
294 67 187
294 68 106
294 69 7
294 70 186
294 71 222
294 72 317
294 73 4
294 74 36
294 75 361
294 76 286
294 77 263
294 78 266
294 79 67
294 80 329
294 81 197
294 82 212
294 83 243
294 84 64
294 85 30
294 86 53
294 87 229
294 88 207
294 89 242
294 90 205
294 91 180
294 92 117
294 93 152
294 94 133
294 95 58
294 96 124
294 97 159
294 98 8
297 1 183
297 2 317
297 3 189
297 4 362
297 5 19
297 6 163
297 7 235
297 8 142
297 9 121
297 10 73
297 11 192
297 12 234
297 13 141
297 14 234
297 15 132
297 16 259
297 17 129
297 18 158
297 19 140
297 20 251
297 21 127
297 22 105
297 23 59
297 24 132
297 25 335
297 26 13
297 27 35
297 28 233
297 29 311
297 30 325
297 31 126
297 32 112
297 33 158
297 34 33
297 35 118
297 36 177
297 37 60
297 38 36
297 39 109
297 40 97
297 41 229
297 42 147
297 43 220
297 44 97
297 45 172
297 46 157
297 47 237
297 48 137
297 49 181
297 50 18
297 51 275
297 52 304
297 53 20
297 54 195
297 55 297
297 56 262
297 57 146
297 58 29
297 59 361
297 60 1
297 61 29
297 62 126
297 63 102
297 64 70
297 65 110
297 66 22
297 67 172
297 68 315
297 69 138
297 70 49
297 71 64
297 72 182
297 73 261
297 74 215
297 75 128
297 76 19
297 77 108
297 78 152
297 79 147
297 80 130
297 81 238
297 82 144
297 83 182
297 84 94
297 85 15
297 86 285
297 87 126
297 88 68
297 89 79
297 90 292
297 91 304
297 92 13
297 93 191
297 94 93
297 95 247
297 96 300
297 97 194
297 98 108
297 99 166
300 1 194
300 2 16
300 3 286
300 4 233
300 5 347
300 6 73
300 7 21
300 8 163
300 9 182
300 10 121
300 11 28
300 12 26
300 13 26
300 14 187
300 15 183
300 16 226
300 17 201
300 18 162
300 19 169
300 20 187
300 21 250
300 22 140
300 23 27
300 24 224
300 25 278
300 26 293
300 27 276
300 28 327
300 29 101
300 30 182
300 31 52
300 32 103
300 33 75
300 34 123
300 35 319
300 36 227
300 37 225
300 38 32
300 39 171
300 40 144
300 41 352
300 42 15
300 43 127
300 44 186
300 45 262
300 46 168
300 47 137
300 48 241
300 49 212
300 50 119
300 51 110
300 52 40
300 53 203
300 54 121
300 55 227
300 56 228
300 57 40
300 58 0
300 59 141
300 60 382
300 61 103
300 62 207
300 63 164
300 64 136
300 65 89
300 66 21
300 67 52
300 68 98
300 69 54
300 70 299
300 71 102
300 72 369
300 73 260
300 74 36
300 75 320
300 76 19
300 77 55
300 78 322
300 79 43
300 80 70
300 81 6
300 82 127
300 83 95
300 84 351
300 85 252
300 86 55
300 87 193
300 88 19
300 89 100
300 90 379
300 91 182
300 92 139
300 93 86
300 94 16
300 95 107
300 96 58
300 97 95
300 98 372
300 99 101
300 100 138
